-312067343
-564551480
-1035160515
-527478375
499811977
-691955061
-801186549
-1314905018
-1459957033
529774922
2069116883
-483922438
-1896123297
1214626274
-1865191783
-395381223
-1036538490
-630281520
1291050381
-299560339
-1765400835
-595375416
-1574405475
-366844577
1965443441
1608381848
-1593271235
146993269
127175793
-1487815873
append
-1923098892
-1959694006
1857631334
-1168310717
-444402681
1239898347
895077614
-1668305033
-891576910
982986466
847516983
35633576
-1625179959
-1688972431
-556880445
1966977182
-839402217
-1485257712
-1747177111
543990441
-527891291
938734425
1692557364
784872368
-970503364
882551878
-2017553269
673764744
1606558247
-122325857
